Date,Open,High,Low,Close,Adj Close,Volume
2021-07-15,0.898921012878418,0.8999750018119812,0.8900889754295349,0.8914229869842529,0.8914229869842529,200086
2021-07-16,0.8915190100669861,0.9051010012626648,0.8901079893112183,0.9027720093727112,0.9027720093727112,182491
2021-07-17,0.9027360081672668,0.9055299758911133,0.9001759886741638,0.9046970009803772,0.9046970009803772,306579
2021-07-18,0.9046990275382996,0.9050920009613037,0.8900610208511353,0.8935629725456238,0.8935629725456238,259494
2021-07-19,0.8935359716415405,0.9042969942092896,0.8909519910812378,0.902845025062561,0.902845025062561,255814
2021-07-20,0.902845025062561,0.9046859741210938,0.8912339806556702,0.8969330191612244,0.8969330191612244,329123
2021-07-21,0.8969410061836243,0.9027820229530334,0.8907790184020996,0.8992289900779724,0.8992289900779724,334470
2021-07-22,0.8992289900779724,0.9021689891815186,0.8909469842910767,0.8962110280990601,0.8962110280990601,294807
2021-07-23,0.8962110280990601,0.9015229940414429,0.8908690214157104,0.8938959836959839,0.8938959836959839,306082
2021-07-24,0.8939170241355896,0.9042789936065674,0.8907309770584106,0.8976560235023499,0.8976560235023499,335764
2021-07-25,0.8976560235023499,0.9012389779090881,0.8904340267181396,0.895268976688385,0.895268976688385,591801
2021-07-26,0.8952879905700684,0.901190996170044,0.8890569806098938,0.8900830149650574,0.8900830149650574,331465
2021-07-27,0.8901749849319458,0.8994560241699219,0.8884570002555847,0.8978760242462158,0.8978760242462158,340541
2021-07-28,0.8978719711303711,0.8995980024337769,0.8882160186767578,0.8943079710006714,0.8943079710006714,336276
2021-07-29,0.8943380117416382,0.8990730047225952,0.8876460194587708,0.8928380012512207,0.8928380012512207,275882
2021-07-30,0.8927720189094543,0.8988580107688904,0.8876240253448486,0.8963140249252319,0.8963140249252319,322416
2021-07-31,0.8962090015411377,0.8982890248298645,0.8872730135917664,0.8903899788856506,0.8903899788856506,326280
2021-08-01,0.8902930021286011,0.8985530138015747,0.8872150182723999,0.8924270272254944,0.8924270272254944,355287
2021-08-02,0.8924540281295776,0.8986579775810242,0.8836910128593445,0.8922160267829895,0.8922160267829895,342295
2021-08-03,0.8921880125999451,0.904088020324707,0.8852099776268005,0.8972669839859009,0.8972669839859009,273471
2021-08-04,0.8988369703292847,0.9039710164070129,0.8848639726638794,0.8888429999351501,0.8888429999351501,300161
2021-08-05,0.8888610005378723,0.8979830145835876,0.882315993309021,0.8880090117454529,0.8880090117454529,349945
2021-08-06,0.8880289793014526,0.8974390029907227,0.8826010227203369,0.8856850266456604,0.8856850266456604,347368
2021-08-07,0.8857160210609436,0.8973360061645508,0.8829200267791748,0.8915349841117859,0.8915349841117859,380095
2021-08-08,0.8914809823036194,0.8974189758300781,0.8830159902572632,0.8918499946594238,0.8918499946594238,363498
2021-08-09,0.8919389843940735,0.8973299860954285,0.8832929730415344,0.8900949954986572,0.8900949954986572,378113
2021-08-10,0.8901190161705017,0.8999990224838257,0.8832160234451294,0.8917790055274963,0.8917790055274963,370477
2021-08-11,0.8918020129203796,0.8972899913787842,0.8833069801330566,0.884643018245697,0.884643018245697,367642
2021-08-12,0.884663999080658,0.8965579867362976,0.8832359910011292,0.8886929750442505,0.8886929750442505,380546
2021-08-13,0.8886740207672119,0.8987830281257629,0.8844320178031921,0.8936520218849182,0.8936520218849182,389395
2021-08-14,0.8937309980392456,0.8977090120315552,0.8831019997596741,0.8868920207023621,0.8868920207023621,356667
2021-08-15,0.8867660164833069,0.8961780071258545,0.8819140195846558,0.8876720070838928,0.8876720070838928,315113
2021-08-16,0.8876879811286926,0.8966299891471863,0.8816440105438232,0.886900007724762,0.886900007724762,398067
2021-08-17,0.8869370222091675,2.2953999042510986,0.8839200139045715,2.228588104248047,2.228588104248047,855663
2021-08-18,2.2285470962524414,2.293839931488037,2.1844348907470703,2.2804648876190186,2.2804648876190186,906261
2021-08-19,2.280211925506592,2.286468029022217,2.1865789890289307,2.227794885635376,2.227794885635376,905760
2021-08-20,2.2277560234069824,2.304058074951172,2.186491012573242,2.2150070667266846,2.2150070667266846,887099
2021-08-21,2.2153029441833496,2.306164026260376,2.180996894836426,2.188627004623413,2.188627004623413,863534
2021-08-22,2.1888480186462402,2.3268890380859375,2.175895929336548,2.3068830966949463,2.3068830966949463,881936
2021-08-23,2.3069140911102295,2.3312530517578125,2.1825449466705322,2.2693469524383545,2.2693469524383545,886341
2021-08-24,2.269418954849243,2.344583034515381,2.179028034210205,2.2409379482269287,2.2409379482269287,954568
2021-08-25,2.245850086212158,2.3322670459747314,2.177820920944214,2.298003911972046,2.298003911972046,894689
2021-08-26,2.2448129653930664,2.4339559078216553,2.185784101486206,2.229490041732788,2.229490041732788,1025608
2021-08-27,2.2295589447021484,2.4134230613708496,2.185291051864624,2.3900558948516846,2.3900558948516846,869613
2021-08-28,2.3898510932922363,2.4114251136779785,2.2358810901641846,2.3141191005706787,2.3141191005706787,862064
2021-08-29,2.273184061050415,2.3614470958709717,2.2351059913635254,2.277906894683838,2.277906894683838,692219
2021-08-30,2.2914950847625732,2.3613710403442383,2.234455108642578,2.333843946456909,2.333843946456909,721898
2021-08-31,2.3339319229125977,2.360168933868408,2.2360639572143555,2.244133949279785,2.244133949279785,680590
2021-09-01,2.262830972671509,2.358834981918335,2.2337589263916016,2.3417909145355225,2.3417909145355225,639320
2021-09-02,2.3416919708251953,2.620582103729248,2.0186429023742676,2.3270061016082764,2.3270061016082764,892686
2021-09-03,2.326694965362549,2.735387086868286,2.0276548862457275,2.6957778930664062,2.6957778930664062,966528
2021-09-04,2.6957430839538574,2.736814022064209,2.098701000213623,2.2462000846862793,2.2462000846862793,806135
2021-09-05,2.2458250522613525,2.679187059402466,2.074328899383545,2.622361898422241,2.622361898422241,714003
2021-09-06,2.6222450733184814,2.7063510417938232,2.069350004196167,2.631304979324341,2.631304979324341,815034
2021-09-07,2.161262035369873,2.9759130477905273,2.0462310314178467,2.793452024459839,2.793452024459839,698130
2021-09-08,2.792948007583618,3.5873630046844482,2.0448288917541504,3.415179967880249,3.415179967880249,1097729
2021-09-09,3.5331499576568604,3.6227660179138184,2.774569034576416,3.5161969661712646,3.5161969661712646,1254228
2021-09-10,3.5161681175231934,3.622663974761963,3.389892101287842,3.5337889194488525,3.5337889194488525,1101508
2021-09-11,3.5340070724487305,3.5788960456848145,2.1803319454193115,2.698615074157715,2.698615074157715,1064384
2021-09-12,2.6983931064605713,2.989042043685913,2.2089669704437256,2.68060302734375,2.68060302734375,866377
2021-09-13,2.6807758808135986,3.6912240982055664,2.110434055328369,2.491046905517578,2.491046905517578,963850
2021-09-14,2.490756034851074,4.626870155334473,2.408220052719116,3.9426519870758057,3.9426519870758057,1075806
2021-09-15,3.9423539638519287,4.4633870124816895,2.383410930633545,4.171393871307373,4.171393871307373,1485559
2021-09-16,4.171938896179199,7.942792892456055,4.051830768585205,5.9818291664123535,5.9818291664123535,1815532
2021-09-17,5.98248815536499,8.540914535522461,5.7472920417785645,7.471014022827148,7.471014022827148,1807495
2021-09-18,7.471257209777832,8.462156295776367,7.0853729248046875,8.104832649230957,8.104832649230957,2273542
2021-09-19,8.104561805725098,8.346259117126465,7.128674030303955,7.322539806365967,7.322539806365967,2906958
2021-09-20,7.323366165161133,8.088152885437012,5.245081901550293,7.618255138397217,7.618255138397217,2746063
2021-09-21,7.617368221282959,8.048331260681152,7.3332061767578125,7.911366939544678,7.911366939544678,3560667
2021-09-22,7.905055046081543,66.3908920288086,7.704360008239746,13.409831047058105,13.409831047058105,4562026
2021-09-23,13.409918785095215,15.82287311553955,9.285358428955078,15.382271766662598,15.382271766662598,5191534
2021-09-24,15.38155460357666,16.014339447021484,11.272007942199707,12.692584037780762,12.692584037780762,6110525
2021-09-25,12.692090034484863,15.982378005981445,4.976089000701904,15.769469261169434,15.769469261169434,11818084
2021-09-26,15.57326889038086,16.84592056274414,15.042396545410156,16.82733917236328,16.82733917236328,4887315
2021-09-27,16.836204528808594,17.237194061279297,16.422334671020508,16.48694610595703,16.48694610595703,6061206
2021-09-28,16.486955642700195,16.486955642700195,13.488041877746582,14.170557975769043,14.170557975769043,5807083
2021-09-29,14.169927597045898,14.228678703308105,13.132440567016602,13.466062545776367,13.466062545776367,6175748
2021-09-30,13.474336624145508,13.5126371383667,12.348179817199707,12.354131698608398,12.354131698608398,5174800
2021-10-01,12.35405158996582,12.357261657714844,11.320914268493652,11.454011917114258,11.454011917114258,4787373
2021-10-02,11.448260307312012,11.454536437988281,10.95255184173584,11.209099769592285,11.209099769592285,4351482
2021-10-03,11.208001136779785,11.217423439025879,10.962762832641602,11.041956901550293,11.041956901550293,3635854
2021-10-04,11.041672706604004,11.284845352172852,10.69153881072998,11.16285514831543,11.16285514831543,3739311
2021-10-05,11.162607192993164,11.227606773376465,10.966451644897461,11.012496948242188,11.012496948242188,3988604
2021-10-06,11.007800102233887,11.030301094055176,10.666709899902344,10.775738716125488,10.775738716125488,3880377
2021-10-07,10.774845123291016,10.778230667114258,9.804642677307129,10.20103931427002,10.20103931427002,2957686
2021-10-08,10.201269149780273,10.202611923217773,10.174324989318848,10.181968688964844,10.181968688964844,2660604
2021-10-09,10.182547569274902,10.795008659362793,10.079832077026367,10.662705421447754,10.662705421447754,2818897
2021-10-10,10.661602020263672,10.68566608428955,10.395071029663086,10.417059898376465,10.417059898376465,2470062
2021-10-11,10.418036460876465,10.520217895507812,10.387219429016113,10.399781227111816,10.399781227111816,2639756
2021-10-12,10.400527954101562,10.507865905761719,10.383602142333984,10.452286720275879,10.452286720275879,2721784
2021-10-13,10.45348072052002,10.505804061889648,10.379880905151367,10.471853256225586,10.471853256225586,2505348
2021-10-14,10.471467971801758,10.503558158874512,10.381684303283691,10.411605834960938,10.411605834960938,3127483
2021-10-15,10.439993858337402,10.500850677490234,10.37195110321045,10.456934928894043,10.456934928894043,3336061
2021-10-16,10.457052230834961,10.500602722167969,10.370579719543457,10.443437576293945,10.443437576293945,2622186
2021-10-17,10.443227767944336,10.502193450927734,10.377313613891602,10.39995002746582,10.39995002746582,3521938
2021-10-18,10.399947166442871,10.504633903503418,10.378728866577148,10.393658638000488,10.393658638000488,2136887
2021-10-19,10.393346786499023,10.496463775634766,9.05097484588623,9.713546752929688,9.713546752929688,2975830
2021-10-20,9.71358585357666,10.698366165161133,9.015097618103027,10.548172950744629,10.548172950744629,2706232
2021-10-21,10.547402381896973,10.608405113220215,9.024333000183105,10.02680778503418,10.02680778503418,2675039
2021-10-22,10.026806831359863,10.592452049255371,9.030511856079102,10.233877182006836,10.233877182006836,2212094
2021-10-23,10.233522415161133,10.617425918579102,9.064126968383789,9.265484809875488,9.265484809875488,2702737
2021-10-24,9.265168190002441,10.602508544921875,9.021162033081055,10.516470909118652,10.516470909118652,2582268
2021-10-25,10.515815734863281,10.615008354187012,9.012079238891602,10.159000396728516,10.159000396728516,2900452
2021-10-26,10.158211708068848,10.750638008117676,9.81898021697998,10.643942832946777,10.643942832946777,3339103
2021-10-27,10.643821716308594,10.881619453430176,10.529233932495117,10.577613830566406,10.577613830566406,2190706
2021-10-28,10.577178955078125,10.804658889770508,9.533207893371582,10.40041732788086,10.40041732788086,2985318
2021-10-29,10.401017189025879,11.661309242248535,10.357427597045898,11.438690185546875,11.438690185546875,299729
2021-10-30,11.43887996673584,11.43887996673584,10.283134460449219,10.498082160949707,10.498082160949707,2774066
2021-10-31,10.498917579650879,10.510129928588867,10.486907005310059,10.497464179992676,10.497464179992676,3176729
2021-11-01,10.496980667114258,10.512995719909668,10.491262435913086,10.502985000610352,10.502985000610352,2324897
2021-11-02,10.501935958862305,10.556289672851562,10.351638793945312,10.506814002990723,10.506814002990723,3051782
2021-11-03,10.507040023803711,10.557894706726074,10.497237205505371,10.521183013916016,10.521183013916016,2793326
2021-11-04,10.52094554901123,10.55566692352295,10.35694408416748,10.384561538696289,10.384561538696289,2480606
2021-11-05,10.383739471435547,10.460643768310547,10.359283447265625,10.377642631530762,10.377642631530762,2846151
2021-11-06,10.377721786499023,12.238103866577148,10.3646879196167,10.974863052368164,10.974863052368164,1989256
2021-11-07,10.975976943969727,14.653377532958984,10.4963960647583,14.589348793029785,14.589348793029785,5558041
2021-11-08,14.591525077819824,16.795839309692383,14.38888931274414,16.61952781677246,16.61952781677246,4970213
2021-11-09,16.62604331970215,19.687480926513672,16.618074417114258,19.030216217041016,19.030216217041016,6386751
2021-11-10,19.03740882873535,21.58188819885254,18.946468353271484,20.911304473876953,20.911304473876953,7054075
2021-11-11,20.91050910949707,23.639402389526367,20.89712905883789,23.481342315673828,23.481342315673828,8188416
2021-11-12,23.460660934448242,28.45149803161621,23.457014083862305,27.280384063720703,27.280384063720703,7599784
2021-11-13,27.25947380065918,29.667715072631836,26.926057815551758,29.658971786499023,29.658971786499023,10294517
2021-11-14,29.657501220703125,53.428184509277344,29.348934173583984,34.274898529052734,34.274898529052734,11383002
2021-11-15,34.25849151611328,39.42173767089844,33.89667892456055,38.580963134765625,38.580963134765625,13852752
2021-11-16,38.62407684326172,101.56523895263672,30.265438079833984,39.68268585205078,39.68268585205078,12980579
2021-11-17,39.63009262084961,39.63009262084961,27.28350067138672,29.080839157104492,29.080839157104492,12259920
2021-11-18,29.0864315032959,29.0864315032959,22.83173942565918,22.995956420898438,22.995956420898438,10410296
2021-11-19,22.993635177612305,23.031124114990234,20.562610626220703,22.186466217041016,22.186466217041016,6147649
2021-11-20,22.18458366394043,22.214284896850586,18.937196731567383,19.20737648010254,19.20737648010254,5233733
2021-11-21,19.21881675720215,19.332263946533203,17.453678131103516,17.56290054321289,17.56290054321289,3941555
2021-11-22,17.55649185180664,17.55649185180664,15.283102035522461,15.30171012878418,15.30171012878418,5847054
2021-11-23,15.285615921020508,15.45738697052002,14.814579010009766,15.19338321685791,15.19338321685791,6591317
2021-11-24,15.196009635925293,15.440022468566895,13.271388053894043,15.155152320861816,15.155152320861816,7024495
2021-11-25,13.348456382751465,13.59658145904541,13.111968994140625,13.219575881958008,13.219575881958008,6151354
2021-11-26,13.198700904846191,13.353089332580566,11.0776948928833,11.102025985717773,11.102025985717773,4716963
2021-11-27,11.100626945495605,11.526823043823242,10.956679344177246,11.36259937286377,11.36259937286377,4062561
2021-11-28,11.360843658447266,11.360843658447266,10.504222869873047,10.692127227783203,10.692127227783203,3539221
2021-11-29,10.691137313842773,10.895833015441895,10.691137313842773,10.740071296691895,10.740071296691895,4063836
2021-11-30,10.73809814453125,11.531183242797852,10.498418807983398,11.529476165771484,11.529476165771484,4361804
2021-12-01,11.705467224121094,14.126601219177246,11.579920768737793,13.717409133911133,13.717409133911133,6107614
2021-12-02,13.680481910705566,13.680481910705566,11.29819393157959,11.439037322998047,11.439037322998047,6431350
2021-12-03,11.437012672424316,11.463910102844238,10.430095672607422,10.436783790588379,10.436783790588379,4706971
2021-12-04,10.435973167419434,10.435973167419434,8.321148872375488,9.586915016174316,9.586915016174316,3762598
2021-12-05,9.477763175964355,10.494202613830566,8.591168403625488,8.639371871948242,8.639371871948242,4225926
2021-12-06,8.691749572753906,8.838653564453125,7.9567341804504395,8.494564056396484,8.494564056396484,3466414
2021-12-07,8.484593391418457,8.806436538696289,8.356191635131836,8.409835815429688,8.409835815429688,3018518
2021-12-08,8.408126831054688,8.470547676086426,8.251113891601562,8.297571182250977,8.297571182250977,2888958
2021-12-09,8.288100242614746,8.319677352905273,7.895870208740234,7.911776065826416,7.911776065826416,3070825
2021-12-10,7.911416053771973,8.004018783569336,7.6896209716796875,7.7944722175598145,7.7944722175598145,2990277
2021-12-11,7.785749912261963,7.966423034667969,7.7031569480896,7.836254119873047,7.836254119873047,3125553
2021-12-12,7.835713863372803,7.900036811828613,7.780655860900879,7.870995044708252,7.870995044708252,1905756
2021-12-13,7.874210834503174,7.9675140380859375,7.870683193206787,7.943739891052246,7.943739891052246,2227272
2021-12-14,7.943704128265381,7.966300010681152,6.839171886444092,7.949073791503906,7.949073791503906,1840096
2021-12-15,7.948225975036621,7.958550930023193,6.794365882873535,7.954147815704346,7.954147815704346,2136910
2021-12-16,7.954072952270508,7.971175193786621,7.941189765930176,7.955485820770264,7.955485820770264,2160628
2021-12-17,7.956775188446045,8.025369644165039,7.80131196975708,7.863708972930908,7.863708972930908,1850861
2021-12-18,7.880374908447266,7.908214092254639,7.779767036437988,7.902125835418701,7.902125835418701,1964577
2021-12-19,7.90117883682251,7.949735164642334,7.889530181884766,7.943395137786865,7.943395137786865,2427659
2021-12-20,7.9408979415893555,7.957505226135254,5.4825849533081055,5.501213073730469,5.501213073730469,959044
2021-12-21,5.497325897216797,7.1017680168151855,5.49669885635376,6.995442867279053,6.995442867279053,47947
2021-12-22,6.983057975769043,7.029233932495117,6.677884101867676,6.8338189125061035,6.8338189125061035,1332327
2021-12-23,6.833640098571777,6.89998197555542,6.676855087280273,6.8386969566345215,6.8386969566345215,1720751
2021-12-24,6.837756156921387,6.915493011474609,6.694143772125244,6.891160011291504,6.891160011291504,1545833
2021-12-25,6.891243934631348,6.922206878662109,6.853691101074219,6.9148478507995605,6.9148478507995605,1573783
2021-12-26,6.915227890014648,7.74844217300415,6.887222766876221,7.745871067047119,7.745871067047119,1898888
2021-12-27,7.744800090789795,7.759843826293945,7.0157151222229,7.022846221923828,7.022846221923828,1357197
2021-12-28,7.028979778289795,7.042049884796143,7.0104851722717285,7.025328159332275,7.025328159332275,1062708
2021-12-29,7.030814170837402,7.3865838050842285,6.759883880615234,6.9549360275268555,6.9549360275268555,1362477
2021-12-30,6.955358982086182,6.976704120635986,6.887846946716309,6.970254898071289,6.970254898071289,1608191
2021-12-31,6.970698833465576,7.39278507232666,6.95242977142334,7.3889970779418945,7.3889970779418945,1344601
2022-01-01,7.388289928436279,7.442869186401367,7.138866901397705,7.391294002532959,7.391294002532959,54529
2022-01-02,7.39123010635376,7.392160892486572,6.961958885192871,7.017974853515625,7.017974853515625,1372556
2022-01-03,7.017974853515625,7.017974853515625,6.966152191162109,6.9666748046875,6.9666748046875,1530726
2022-01-04,6.965813159942627,6.992451190948486,6.857669830322266,6.947612762451172,6.947612762451172,1311833
2022-01-05,6.947752952575684,6.979506969451904,6.834959030151367,6.933314800262451,6.933314800262451,1598628
2022-01-06,6.933320045471191,6.933948993682861,6.630413055419922,6.737656116485596,6.737656116485596,2086996
2022-01-07,6.737742900848389,6.743325233459473,6.631476879119873,6.694331169128418,6.694331169128418,516031
2022-01-08,6.6943559646606445,6.7256011962890625,6.693623065948486,6.695422172546387,6.695422172546387,3788
2022-01-09,6.695419788360596,6.713318824768066,6.468893051147461,6.637937068939209,6.637937068939209,630210
2022-01-10,6.63793420791626,6.793179988861084,6.625245094299316,6.767402172088623,6.767402172088623,1454434
2022-01-11,6.767396926879883,6.784850120544434,6.698151111602783,6.738255023956299,6.738255023956299,1555960
2022-01-12,6.738300800323486,6.927175998687744,6.690670013427734,6.927151203155518,6.927151203155518,1583786
2022-01-13,6.927143096923828,6.929021835327148,6.445860862731934,6.455114841461182,6.455114841461182,1462934
2022-01-14,6.455155849456787,12.115119934082031,5.579912185668945,8.223109245300293,8.223109245300293,1842024
2022-01-15,8.210021018981934,14.818306922912598,7.58327579498291,11.724663734436035,11.724663734436035,3731375
2022-01-16,11.723431587219238,18.66840934753418,11.453975677490234,16.63170623779297,16.63170623779297,5845073
2022-01-17,16.631948471069336,20.64826011657715,16.447187423706055,19.557703018188477,19.557703018188477,5732949
2022-01-18,19.650571823120117,19.751249313354492,13.831167221069336,15.069523811340332,15.069523811340332,5589158
2022-01-19,15.042119979858398,15.471759796142578,9.658190727233887,12.604615211486816,12.604615211486816,3421834
2022-01-20,12.590394020080566,16.706336975097656,8.422839164733887,11.05450439453125,11.05450439453125,3380435
2022-01-21,11.054247856140137,16.78825569152832,10.050270080566406,13.377180099487305,13.377180099487305,4593812
2022-01-22,13.377226829528809,13.774173736572266,11.861139297485352,12.381632804870605,12.381632804870605,3763690
2022-01-23,12.381739616394043,13.098830223083496,10.179990768432617,11.531183242797852,11.531183242797852,2570203
2022-01-24,11.503503799438477,21.391063690185547,10.662805557250977,20.951709747314453,20.951709747314453,6792713
2022-01-25,20.951740264892578,30.822553634643555,13.705988883972168,23.225120544433594,23.225120544433594,5929183
2022-01-26,23.229352951049805,26.252948760986328,20.45452308654785,25.305192947387695,25.305192947387695,6426258
2022-01-27,25.30182647705078,34.1162109375,23.812414169311523,29.041648864746094,29.041648864746094,9393481
2022-01-28,29.03591537475586,29.16455078125,13.896956443786621,14.51941204071045,14.51941204071045,6105147
2022-01-29,14.557491302490234,15.083268165588379,12.976156234741211,13.991616249084473,13.991616249084473,4100194
2022-01-30,14.039134979248047,14.309142112731934,10.723015785217285,11.354700088500977,11.354700088500977,3514723
2022-01-31,11.411459922790527,12.05072021484375,10.452818870544434,10.851465225219727,10.851465225219727,3929408
2022-02-01,10.851520538330078,11.764409065246582,9.825860977172852,10.691858291625977,10.691858291625977,3275136
2022-02-02,10.691987991333008,10.691987991333008,8.429174423217773,9.66039752960205,9.66039752960205,4458061
2022-02-03,9.661130905151367,9.897682189941406,8.614965438842773,8.727494239807129,8.727494239807129,4051918
2022-02-04,8.728795051574707,9.121735572814941,8.456602096557617,8.571649551391602,8.571649551391602,2802220
2022-02-05,8.571748733520508,8.88414192199707,8.259806632995605,8.395828247070312,8.395828247070312,2667725
2022-02-06,8.39578628540039,8.574140548706055,7.569557189941406,7.709880828857422,7.709880828857422,2840908
2022-02-07,7.709967136383057,7.8689069747924805,6.69440221786499,7.051613807678223,7.051613807678223,2774218
2022-02-08,7.051615238189697,7.366157054901123,6.619174957275391,6.805031776428223,6.805031776428223,2412200
2022-02-09,6.804398059844971,7.7349162101745605,6.677824974060059,7.149899959564209,7.149899959564209,2085910
2022-02-10,7.149814128875732,7.149814128875732,5.933798789978027,6.391872882843018,6.391872882843018,2544250
2022-02-11,6.393721103668213,7.318892955780029,6.099667072296143,6.415552139282227,6.415552139282227,2212409
2022-02-12,6.423476219177246,7.108610153198242,5.067419052124023,5.073620796203613,5.073620796203613,1941241
2022-02-13,5.073326110839844,5.646405220031738,3.79414701461792,4.437213897705078,4.437213897705078,1612191
2022-02-14,4.437191963195801,6.128026962280273,3.8364460468292236,5.271658897399902,5.271658897399902,3211302
2022-02-15,5.328803062438965,6.093735218048096,5.1281819343566895,5.220470905303955,5.220470905303955,2671596
2022-02-16,5.220468044281006,5.361101150512695,4.954583168029785,5.0893402099609375,5.0893402099609375,1631918
2022-02-17,5.089331150054932,5.114486217498779,4.576846122741699,4.662655830383301,4.662655830383301,1584732
2022-02-18,4.67265510559082,5.045817852020264,4.276224136352539,4.716721057891846,4.716721057891846,1506402
2022-02-19,4.716612815856934,4.839366912841797,4.330132007598877,4.570005893707275,4.570005893707275,1304042
2022-02-20,4.5699992179870605,4.646782875061035,3.8939969539642334,3.990255117416382,3.990255117416382,1265966
2022-02-21,3.9706950187683105,4.260700225830078,3.8664751052856445,4.005245208740234,4.005245208740234,1095182
2022-02-22,4.005155086517334,4.284130096435547,3.3543670177459717,3.8419950008392334,3.8419950008392334,899015
2022-02-23,3.841973066329956,4.060771942138672,3.405179023742676,3.9902589321136475,3.9902589321136475,993898
2022-02-24,3.990478992462158,4.052464962005615,2.955773115158081,3.2583649158477783,3.2583649158477783,917814
2022-02-25,3.258707046508789,3.6523818969726562,3.1616079807281494,3.395004987716675,3.395004987716675,872613
2022-02-26,3.3830409049987793,3.5126230716705322,3.240756034851074,3.325329065322876,3.325329065322876,1022074
2022-02-27,3.3254010677337646,3.3840301036834717,3.069196939468384,3.1681649684906006,3.1681649684906006,867996
2022-02-28,3.16861891746521,3.2448129653930664,2.6938350200653076,3.102447032928467,3.102447032928467,758163
2022-03-01,3.1035420894622803,3.590090036392212,2.940058946609497,3.0089070796966553,3.0089070796966553,996969
2022-03-02,3.0088798999786377,3.140619993209839,2.8232479095458984,2.896914005279541,2.896914005279541,665711
2022-03-03,2.896929979324341,2.980196952819824,2.59961199760437,2.664170980453491,2.664170980453491,795168
2022-03-04,2.6646831035614014,2.7613790035247803,2.3880090713500977,2.4273300170898438,2.4273300170898438,840642
2022-03-05,2.4273369312286377,2.629319906234741,2.167825937271118,2.309443950653076,2.309443950653076,622605
2022-03-06,2.3094849586486816,3.846405029296875,2.2591969966888428,2.4928081035614014,2.4928081035614014,3871061
2022-03-07,2.49052095413208,2.571455955505371,2.2436840534210205,2.4022839069366455,2.4022839069366455,959943
2022-03-08,2.4022669792175293,2.479433059692383,2.1453258991241455,2.299099922180176,2.299099922180176,770613
2022-03-09,2.2656209468841553,2.448982000350952,2.1401219367980957,2.245706081390381,2.245706081390381,658096
2022-03-10,2.245659112930298,2.311284065246582,1.8939789533615112,2.146897077560425,2.146897077560425,591754
2022-03-11,2.1469058990478516,2.1702940464019775,1.7967859506607056,2.0292270183563232,2.0292270183563232,531612
2022-03-12,2.0292470455169678,2.408324956893921,1.9580819606781006,2.087614059448242,2.087614059448242,1027197
2022-03-13,2.0875589847564697,2.206007957458496,1.9604109525680542,2.0557758808135986,2.0557758808135986,658047
2022-03-14,2.055824041366577,2.1857779026031494,1.9214810132980347,2.065269947052002,2.065269947052002,490864
2022-03-15,2.064816951751709,2.1898488998413086,1.8896139860153198,2.175283908843994,2.175283908843994,455585
2022-03-16,2.1752710342407227,2.3054819107055664,1.9057929515838623,2.1089680194854736,2.1089680194854736,462081
2022-03-17,2.1045010089874268,2.2644999027252197,2.0329320430755615,2.1790499687194824,2.1790499687194824,579560
2022-03-18,2.1878669261932373,2.1878669261932373,2.0675430297851562,2.091510057449341,2.091510057449341,524470
2022-03-19,2.089097023010254,2.2430191040039062,2.055738925933838,2.1663460731506348,2.1663460731506348,666259
2022-03-20,2.1627678871154785,2.2294669151306152,2.07621693611145,2.1583800315856934,2.1583800315856934,455410
2022-03-21,2.1583709716796875,2.2660839557647705,2.0611259937286377,2.1869099140167236,2.1869099140167236,492043
2022-03-22,2.1869089603424072,2.2235939502716064,2.0949440002441406,2.1673359870910645,2.1673359870910645,427061
2022-03-23,2.1673240661621094,2.217987060546875,2.096057891845703,2.14326810836792,2.14326810836792,526049
2022-03-24,2.143346071243286,2.2052650451660156,2.0606589317321777,2.0938398838043213,2.0938398838043213,523189
2022-03-25,2.093843936920166,2.2160680294036865,2.0590178966522217,2.1932849884033203,2.1932849884033203,527330
2022-03-26,2.1997010707855225,2.9891788959503174,2.0879509449005127,2.2158150672912598,2.2158150672912598,2452578
2022-03-27,2.2157490253448486,2.266869068145752,2.121793031692505,2.1623659133911133,2.1623659133911133,739884
2022-03-28,2.1624109745025635,2.1976571083068848,2.1064400672912598,2.1277270317077637,2.1277270317077637,690765
2022-03-29,2.127717971801758,2.2018940448760986,2.0163800716400146,2.0709099769592285,2.0709099769592285,646185
2022-03-30,2.0737218856811523,2.117166042327881,2.0000369548797607,2.0484609603881836,2.0484609603881836,463431
2022-03-31,2.0478169918060303,2.286324977874756,2.028032064437866,2.0669190883636475,2.0669190883636475,863627
2022-04-01,2.066915988922119,2.3619329929351807,2.0559589862823486,2.2085440158843994,2.2085440158843994,3426801
2022-04-02,2.209341049194336,2.314470052719116,2.1334869861602783,2.1528549194335938,2.1528549194335938,941926
2022-04-03,2.1528570652008057,2.187514066696167,2.048948049545288,2.0827579498291016,2.0827579498291016,484210
2022-04-04,2.0827279090881348,2.188570022583008,2.0474019050598145,2.167781114578247,2.167781114578247,561047
2022-04-05,2.1687750816345215,2.204416036605835,2.035149097442627,2.063122034072876,2.063122034072876,644363
2022-04-06,2.063119888305664,2.2883388996124268,2.0308170318603516,2.1514620780944824,2.1514620780944824,741153
2022-04-07,2.1521189212799072,2.1993350982666016,2.0664539337158203,2.104132890701294,2.104132890701294,639414
2022-04-08,2.104130983352661,2.1734519004821777,1.990705966949463,2.051819086074829,2.051819086074829,545469
2022-04-09,2.051816940307617,2.135464906692505,1.967087984085083,2.0585460662841797,2.0585460662841797,547719
2022-04-10,2.058532953262329,2.12333607673645,1.9390130043029785,2.0426878929138184,2.0426878929138184,571175
2022-04-11,2.0427029132843018,2.1117780208587646,1.8551859855651855,1.907081961631775,1.907081961631775,603021
2022-04-12,1.9070650339126587,2.0407791137695312,1.8254820108413696,2.017894983291626,2.017894983291626,553855
2022-04-13,2.0224859714508057,2.0224859714508057,1.8355690240859985,1.869318962097168,1.869318962097168,497128
2022-04-14,1.869320034980774,1.9562259912490845,1.8321900367736816,1.8530269861221313,1.8530269861221313,470275
2022-04-15,1.8530210256576538,1.8888059854507446,1.8284399509429932,1.835616946220398,1.835616946220398,489162
2022-04-16,1.8356239795684814,1.959846019744873,1.8228620290756226,1.850823998451233,1.850823998451233,512068
2022-04-17,1.850829005241394,1.8715709447860718,1.8142869472503662,1.8209140300750732,1.8209140300750732,549949
2022-04-18,1.8209199905395508,1.84968101978302,1.595541000366211,1.6352540254592896,1.6352540254592896,432858
2022-04-19,1.6352579593658447,1.833135962486267,1.5721369981765747,1.8028010129928589,1.8028010129928589,366446
2022-04-20,1.8000999689102173,1.9691740274429321,1.5530790090560913,1.7807879447937012,1.7807879447937012,745123
2022-04-21,1.7807890176773071,1.8438290357589722,1.6688640117645264,1.722133994102478,1.722133994102478,541340
2022-04-22,1.7224260568618774,1.759207010269165,1.494892954826355,1.662227988243103,1.662227988243103,484425
2022-04-23,1.662081003189087,1.7085109949111938,1.6357790231704712,1.6489160060882568,1.6489160060882568,540521
2022-04-24,1.6515450477600098,1.7300390005111694,1.6271259784698486,1.6682020425796509,1.6682020425796509,630958
2022-04-25,1.6682579517364502,1.6883480548858643,1.4779560565948486,1.585927963256836,1.585927963256836,606285
2022-04-26,1.5738749504089355,1.6024420261383057,1.4119189977645874,1.4867500066757202,1.4867500066757202,513909
2022-04-27,1.4868030548095703,1.7619370222091675,1.3935060501098633,1.5383449792861938,1.5383449792861938,876449
2022-04-28,1.5378429889678955,1.5934350490570068,1.4262100458145142,1.4297059774398804,1.4297059774398804,627409
2022-04-29,1.4295430183410645,1.454327940940857,1.329259991645813,1.34709894657135,1.34709894657135,482968
2022-04-30,1.3469029664993286,1.3806450366973877,1.2001910209655762,1.3027009963989258,1.3027009963989258,344949
2022-05-01,1.302780032157898,1.3542749881744385,0.9468050003051758,1.0798859596252441,1.0798859596252441,285011
2022-05-02,1.0815149545669556,1.19315505027771,1.0077250003814697,1.024001955986023,1.024001955986023,245302
2022-05-03,1.0239969491958618,1.121757984161377,0.9508140087127686,1.0801490545272827,1.0801490545272827,225719
2022-05-04,1.080649971961975,1.0806549787521362,1.0421550273895264,1.0618870258331299,1.0618870258331299,149034
2022-05-05,1.0618040561676025,1.0886280536651611,0.9416300058364868,1.0418909788131714,1.0418909788131714,200814
2022-05-06,1.0420299768447876,1.0542149543762207,0.8097779750823975,0.8759179711341858,0.8759179711341858,201276
2022-05-07,0.8759959936141968,0.9882439970970154,0.8361669778823853,0.9408079981803894,0.9408079981803894,188064
2022-05-08,0.9407569766044617,0.9863060116767883,0.7390009760856628,0.9096029996871948,0.9096029996871948,196071
2022-05-09,0.9096140265464783,0.9881449937820435,0.8384940028190613,0.9160850048065186,0.9160850048065186,171367
2022-05-10,0.9163129925727844,0.9572569727897644,0.7631570100784302,0.9009429812431335,0.9009429812431335,179994
2022-05-11,0.9008690118789673,0.908502995967865,0.6493560075759888,0.6981769800186157,0.6981769800186157,178960
2022-05-12,0.6980800032615662,0.779217004776001,0.5030649900436401,0.6086030006408691,0.6086030006408691,147810
2022-05-13,0.6063960194587708,1.0300209522247314,0.520455002784729,0.9123070240020752,0.9123070240020752,489871
2022-05-14,0.9123179912567139,1.0246150493621826,0.767175018787384,0.8385459780693054,0.8385459780693054,244923
2022-05-15,0.8385679721832275,0.8627910017967224,0.7304540276527405,0.7852169871330261,0.7852169871330261,172519
2022-05-16,0.7821450233459473,0.8579090237617493,0.731253981590271,0.7634819746017456,0.7634819746017456,66500
2022-05-17,0.7634819746017456,0.8306829929351807,0.5652790069580078,0.7337639927864075,0.7337639927864075,122102
2022-05-18,0.7337610125541687,0.7919759750366211,0.6211400032043457,0.6604940295219421,0.6604940295219421,159152
2022-05-19,0.6604809761047363,0.7832750082015991,0.6202759742736816,0.6590179800987244,0.6590179800987244,127436
2022-05-20,0.6590309739112854,0.8505939841270447,0.6339820027351379,0.6814460158348083,0.6814460158348083,224153
2022-05-21,0.6814579963684082,0.7941799759864807,0.6499930024147034,0.7545650005340576,0.7545650005340576,151680
2022-05-22,0.7545700073242188,0.8013049960136414,0.6449499726295471,0.7359480261802673,0.7359480261802673,146520
2022-05-23,0.7359229922294617,0.78848797082901,0.5997670292854309,0.6337730288505554,0.6337730288505554,124144
2022-05-24,0.633774995803833,0.782971978187561,0.611935019493103,0.7091749906539917,0.7091749906539917,113561
2022-05-25,0.7091619968414307,0.7822620272636414,0.6751099824905396,0.6908699870109558,0.6908699870109558,118480
2022-05-26,0.6908659934997559,0.7729690074920654,0.6701310276985168,0.7011229991912842,0.7011229991912842,145624
2022-05-27,0.7011250257492065,0.757735013961792,0.6721649765968323,0.7426660060882568,0.7426660060882568,141389
2022-05-28,0.6991099715232849,0.760487973690033,0.6690419912338257,0.7192429900169373,0.7192429900169373,146250
2022-05-29,0.719245970249176,0.7585989832878113,0.649653971195221,0.6852579712867737,0.6852579712867737,126292
2022-05-30,0.6852589845657349,0.7438899874687195,0.6668869853019714,0.6904150247573853,0.6904150247573853,128297
2022-05-31,0.6903929710388184,0.8744519948959351,0.6779400110244751,0.770350992679596,0.770350992679596,226907
2022-06-01,0.7707949876785278,0.800574004650116,0.7033159732818604,0.7666450142860413,0.7666450142860413,163516
2022-06-02,0.7667310237884521,0.8021379709243774,0.6815400123596191,0.7319849729537964,0.7319849729537964,122601
2022-06-03,0.7319759726524353,0.7812730073928833,0.6884580254554749,0.7764710187911987,0.7764710187911987,113442
2022-06-04,0.776515007019043,0.7850980162620544,0.6838420033454895,0.7589589953422546,0.7589589953422546,138840
2022-06-05,0.7589579820632935,0.7815250158309937,0.6751949787139893,0.7468010187149048,0.7468010187149048,125129
2022-06-06,0.7467929720878601,0.7830209732055664,0.6817539930343628,0.7143440246582031,0.7143440246582031,130693
2022-06-07,0.7143340110778809,0.7823500037193298,0.6904529929161072,0.702547013759613,0.702547013759613,148279
2022-06-08,0.702580988407135,0.7795069813728333,0.6741350293159485,0.7026230096817017,0.7026230096817017,134393
2022-06-09,0.7026379704475403,0.7599430084228516,0.6953510046005249,0.7250810265541077,0.7250810265541077,129964
2022-06-10,0.7250900268554688,0.7592729926109314,0.692326009273529,0.7240740060806274,0.7240740060806274,128021
2022-06-11,0.7240679860115051,0.7516310214996338,0.5320019721984863,0.6707810163497925,0.6707810163497925,120479
2022-06-12,0.6707749962806702,0.7084770202636719,0.5748729705810547,0.6499819755554199,0.6499819755554199,121339
2022-06-13,0.6499729752540588,0.6729900240898132,0.49726399779319763,0.5851899981498718,0.5851899981498718,135639
2022-06-14,0.585316002368927,0.6182529926300049,0.5056949853897095,0.5082259774208069,0.5082259774208069,104858
2022-06-15,0.5082259774208069,0.5950090289115906,0.3717750012874603,0.564752995967865,0.564752995967865,89832
2022-06-16,0.5647429823875427,0.6696299910545349,0.37237799167633057,0.5886920094490051,0.5886920094490051,138525
2022-06-17,0.5886960029602051,0.6955620050430298,0.5215139985084534,0.6634140014648438,0.6634140014648438,99361
2022-06-18,0.6633960008621216,0.6936960220336914,0.5144219994544983,0.5779799818992615,0.5779799818992615,108086
2022-06-19,0.5779740214347839,0.6787160038948059,0.42356300354003906,0.5610830187797546,0.5610830187797546,95760
2022-06-20,0.5610719919204712,0.6570640206336975,0.4210360050201416,0.6236460208892822,0.6236460208892822,82623
2022-06-21,0.6236519813537598,0.6573010087013245,0.4407519996166229,0.5935720205307007,0.5935720205307007,101404
2022-06-22,0.5935720205307007,0.6173920035362244,0.4397589862346649,0.5737169981002808,0.5737169981002808,105575
2022-06-23,0.5737169981002808,0.5945789813995361,0.42269301414489746,0.5193049907684326,0.5193049907684326,84696
2022-06-24,0.5196189880371094,0.6990330219268799,0.44667500257492065,0.6437379717826843,0.6437379717826843,92122
2022-06-25,0.6437370181083679,0.915848970413208,0.5655840039253235,0.694936990737915,0.694936990737915,243031
2022-06-26,0.6898009777069092,0.9344779849052429,0.653439998626709,0.7411029934883118,0.7411029934883118,303757
2022-06-27,0.7411149740219116,0.828315019607544,0.6241130232810974,0.6898249983787537,0.6898249983787537,180889
2022-06-28,0.6898300051689148,0.7552120089530945,0.6273080110549927,0.6896470189094543,0.6896470189094543,119183
2022-06-29,0.6896489858627319,0.7459239959716797,0.5788599848747253,0.6789439916610718,0.6789439916610718,146301
2022-06-30,0.6789469718933105,0.7384240031242371,0.437283992767334,0.5570480227470398,0.5570480227470398,118038
2022-07-01,0.5570330023765564,0.6230819821357727,0.43071499466896057,0.5744060277938843,0.5744060277938843,93507
2022-07-02,0.574400007724762,0.5887179970741272,0.4497469961643219,0.5476539731025696,0.5476539731025696,108547
2022-07-03,0.5476580262184143,0.5495560169219971,0.45085400342941284,0.49807700514793396,0.49807700514793396,72735
2022-07-04,0.498075008392334,0.5835679769515991,0.4537000060081482,0.4757150113582611,0.4757150113582611,88246
2022-07-05,0.47571900486946106,0.580377995967865,0.46570900082588196,0.5489869713783264,0.5489869713783264,75475
2022-07-06,0.5489879846572876,0.5755360126495361,0.4679250121116638,0.5559380054473877,0.5559380054473877,89179
2022-07-07,0.5559549927711487,0.5716040134429932,0.4734109938144684,0.5448989868164062,0.5448989868164062,86717
2022-07-08,0.5448629856109619,0.5669170022010803,0.47663700580596924,0.4869070053100586,0.4869070053100586,79394
2022-07-09,0.4868910014629364,0.5503680109977722,0.4734390079975128,0.5339739918708801,0.5339739918708801,88049
2022-07-10,0.5340020060539246,0.5488190054893494,0.468656986951828,0.4955559968948364,0.4955559968948364,94208
2022-07-11,0.49555298686027527,0.5480329990386963,0.415012001991272,0.5220440030097961,0.5220440030097961,71401
2022-07-12,0.5220630168914795,0.5488659739494324,0.4222770035266876,0.5326240062713623,0.5326240062713623,88887
2022-07-13,0.5326219797134399,0.5373749732971191,0.38836801052093506,0.4493919909000397,0.4493919909000397,77249
2022-07-14,0.44939398765563965,0.4945240020751953,0.37120598554611206,0.4054020047187805,0.4054020047187805,56787
2022-07-15,0.4054130017757416,0.6745409965515137,0.38057300448417664,0.5309990048408508,0.5309990048408508,80593
2022-07-16,0.5309979915618896,0.7019569873809814,0.4303790032863617,0.4503589868545532,0.4503589868545532,83847
2022-07-17,0.4503589868545532,0.6629800200462341,0.4022130072116852,0.4199320077896118,0.4199320077896118,103722
2022-07-18,0.4199399948120117,0.6205120086669922,0.4198150038719177,0.5161250233650208,0.5161250233650208,133326
2022-07-19,0.5160819888114929,0.7822549939155579,0.48179200291633606,0.6504340171813965,0.6504340171813965,306792
2022-07-20,0.6501359939575195,0.7456899881362915,0.5879989862442017,0.6285449862480164,0.6285449862480164,268780
2022-07-21,0.6285439729690552,0.6560670137405396,0.5671300292015076,0.635765016078949,0.635765016078949,134455
2022-07-22,0.6357640027999878,0.6642940044403076,0.572064995765686,0.6257690191268921,0.6257690191268921,150455
2022-07-23,0.6257680058479309,0.6732019782066345,0.5374100208282471,0.5858569741249084,0.5858569741249084,121785
2022-07-24,0.585856020450592,0.6722120046615601,0.5805460214614868,0.6203290224075317,0.6203290224075317,144381
2022-07-25,0.6203290224075317,0.6958299875259399,0.5476239919662476,0.5821880102157593,0.5821880102157593,190552
2022-07-26,0.582190990447998,0.636821985244751,0.4456009864807129,0.5526419878005981,0.5526419878005981,134211
2022-07-27,0.5500850081443787,0.6435589790344238,0.4486910104751587,0.5327680110931396,0.5327680110931396,84748
2022-07-28,0.5327789783477783,0.6338769793510437,0.46684500575065613,0.6155830025672913,0.6155830025672913,104111
2022-07-29,0.6154569983482361,0.6198949813842773,0.46261098980903625,0.4857749938964844,0.4857749938964844,108565
2022-07-30,0.48581600189208984,0.605351984500885,0.4669179916381836,0.5538849830627441,0.5538849830627441,99385
2022-07-31,0.5538859963417053,0.6130430102348328,0.5492179989814758,0.5911570191383362,0.5911570191383362,124388
2022-08-01,0.591156005859375,0.6377440094947815,0.550724983215332,0.5746669769287109,0.5746669769287109,122921
2022-08-02,0.5746399760246277,0.6433169841766357,0.5523300170898438,0.5781610012054443,0.5781610012054443,100088
2022-08-03,0.5781620144844055,0.5787990093231201,0.46866199374198914,0.4969339966773987,0.4969339966773987,90191
2022-08-04,0.49693599343299866,0.5752099752426147,0.44248801469802856,0.5083230137825012,0.5083230137825012,90929
2022-08-05,0.5083079934120178,0.5823389887809753,0.44224199652671814,0.5471450090408325,0.5471450090408325,86310
2022-08-06,0.547120988368988,0.577010989189148,0.3887009918689728,0.5127699971199036,0.5127699971199036,80435
2022-08-07,0.5128369927406311,0.5682569742202759,0.47928500175476074,0.5658649802207947,0.5658649802207947,109461
2022-08-08,0.5659189820289612,0.5696229934692383,0.4785819947719574,0.537958025932312,0.537958025932312,95484
2022-08-09,0.5379549860954285,0.5592820048332214,0.4786750078201294,0.5491440296173096,0.5491440296173096,84104
2022-08-10,0.5491350293159485,0.5636109709739685,0.4756389856338501,0.5593100190162659,0.5593100190162659,88525
2022-08-11,0.559436023235321,0.5629910230636597,0.47028499841690063,0.5160049796104431,0.5160049796104431,88517
2022-08-12,0.515978991985321,0.531262993812561,0.46944600343704224,0.5064319968223572,0.5064319968223572,97749
2022-08-13,0.5064340233802795,0.5603280067443848,0.4806410074234009,0.5527089834213257,0.5527089834213257,98716
2022-08-14,0.5526189804077148,0.5668389797210693,0.5079569816589355,0.5354470014572144,0.5354470014572144,140350
2022-08-15,0.5354440212249756,0.5593209862709045,0.49232199788093567,0.5083039999008179,0.5083039999008179,97971
2022-08-16,0.5083039999008179,0.5569959878921509,0.4927760064601898,0.5160629749298096,0.5160629749298096,9715
2022-08-17,0.5160679817199707,0.5165659785270691,0.5144559741020203,0.5144559741020203,0.5144559741020203,10934
2022-08-18,0.514549970626831,0.5573890209197998,0.5032600164413452,0.5111129879951477,0.5111129879951477,95509
2022-08-19,0.5111110210418701,0.5663359761238098,0.46299800276756287,0.5663359761238098,0.5663359761238098,72012
2022-08-20,0.5659840106964111,0.5716599822044373,0.4694899916648865,0.5242440104484558,0.5242440104484558,87217
2022-08-21,0.524245023727417,0.9586129784584045,0.4821009933948517,0.565097987651825,0.565097987651825,226280
2022-08-22,0.5643630027770996,0.5701509714126587,0.5001559853553772,0.5162820219993591,0.5162820219993591,151544
2022-08-23,0.5162820219993591,0.5969750285148621,0.4915049970149994,0.5782039761543274,0.5782039761543274,95721
2022-08-24,0.5703660249710083,0.5966150164604187,0.4701319932937622,0.5134599804878235,0.5134599804878235,89115
2022-08-25,0.5134159922599792,0.59095299243927,0.4666599929332733,0.5408250093460083,0.5408250093460083,91811
2022-08-26,0.5408229827880859,0.5838019847869873,0.4663259983062744,0.48451200127601624,0.48451200127601624,75011
2022-08-27,0.48469600081443787,0.5713620185852051,0.4589479863643646,0.543383002281189,0.543383002281189,94851
2022-08-28,0.5436130166053772,0.5837680101394653,0.4563109874725342,0.4826059937477112,0.4826059937477112,87549
2022-08-29,0.48261600732803345,0.565883994102478,0.46522000432014465,0.5060610175132751,0.5060610175132751,101390
2022-08-30,0.503853976726532,0.5336689949035645,0.45544499158859253,0.4855549931526184,0.4855549931526184,63869
2022-08-31,0.48555999994277954,0.5706940293312073,0.45486700534820557,0.5352500081062317,0.5352500081062317,76405
2022-09-01,0.5352489948272705,0.5742170214653015,0.38297799229621887,0.45038801431655884,0.45038801431655884,74628
2022-09-02,0.4503819942474365,0.5506849884986877,0.42378300428390503,0.5342389941215515,0.5342389941215515,82650
2022-09-03,0.533752977848053,0.5410540103912354,0.44438299536705017,0.4788529872894287,0.4788529872894287,89680
2022-09-04,0.4788520038127899,0.5256369709968567,0.37696701288223267,0.4880569875240326,0.4880569875240326,80678
2022-09-05,0.4880630075931549,0.5127459764480591,0.369828999042511,0.48288899660110474,0.48288899660110474,73850
2022-09-06,0.4828839898109436,0.5099959969520569,0.36815398931503296,0.4438839852809906,0.4438839852809906,84438
2022-09-07,0.44387200474739075,0.48773398995399475,0.3828679919242859,0.4574989974498749,0.4574989974498749,64685
2022-09-08,0.4574980139732361,0.47699400782585144,0.37831300497055054,0.38875898718833923,0.38875898718833923,55231
2022-09-09,0.38875699043273926,0.4647989869117737,0.366890013217926,0.43788400292396545,0.43788400292396545,98167
2022-09-10,0.43788498640060425,0.45332100987434387,0.4091939926147461,0.44248899817466736,0.44248899817466736,62017
2022-09-11,0.44248801469802856,0.4773640036582947,0.3966430127620697,0.4675759971141815,0.4675759971141815,17800
2022-09-12,0.4676100015640259,0.46761998534202576,0.4481860101222992,0.4500960111618042,0.4500960111618042,7367
2022-09-13,0.4500960111618042,0.459648996591568,0.4352180063724518,0.4352180063724518,0.4352180063724518,7287
2022-09-14,0.4451749920845032,0.49717000126838684,0.3775629997253418,0.4752640128135681,0.4752640128135681,48249
2022-09-15,0.4752640128135681,0.4792560040950775,0.3829529881477356,0.42455101013183594,0.42455101013183594,27909
2022-09-16,0.42455101013183594,0.48923900723457336,0.4030669927597046,0.4497910141944885,0.4497910141944885,13380
2022-09-17,0.4497950077056885,0.4835110008716583,0.36388498544692993,0.4100460112094879,0.4100460112094879,30980
2022-09-18,0.4100460112094879,0.45401400327682495,0.35788899660110474,0.41931501030921936,0.41931501030921936,78458
2022-09-19,0.4193100035190582,0.4512859880924225,0.37369000911712646,0.4080530107021332,0.4080530107021332,80903
2022-09-20,0.4080510139465332,0.4558529853820801,0.372078001499176,0.39183101058006287,0.39183101058006287,54802
2022-09-21,0.3918290138244629,0.4539810121059418,0.38103899359703064,0.4507870078086853,0.4507870078086853,68813
2022-09-22,0.4507940113544464,0.4542050063610077,0.380948007106781,0.41057199239730835,0.41057199239730835,79659
2022-09-23,0.4105750024318695,0.43271899223327637,0.3878670036792755,0.3891580104827881,0.3891580104827881,69569
2022-09-24,0.3891580104827881,0.4341000020503998,0.22452999651432037,0.2597149908542633,0.2597149908542633,39058
2022-09-25,0.2597149908542633,0.3639400005340576,0.2597090005874634,0.36387398838996887,0.36387398838996887,4035
2022-09-26,0.36387398838996887,0.4144879877567291,0.23977500200271606,0.2896380126476288,0.2896380126476288,33958
2022-09-27,0.28963398933410645,0.4201749861240387,0.22024500370025635,0.2597050070762634,0.2597050070762634,42797
2022-09-28,0.25970399379730225,0.41995200514793396,0.2529189884662628,0.2606840133666992,0.2606840133666992,46069
2022-09-29,0.26069000363349915,0.42611798644065857,0.20931699872016907,0.34495899081230164,0.34495899081230164,43317
2022-09-30,0.34495899081230164,0.41549500823020935,0.23399199545383453,0.34376800060272217,0.34376800060272217,61962
2022-10-01,0.3437870144844055,0.41627898812294006,0.23171299695968628,0.2874529957771301,0.2874529957771301,70315
2022-10-02,0.2874529957771301,0.3694640100002289,0.2523239850997925,0.3508099913597107,0.3508099913597107,56832
2022-10-03,0.35081401467323303,0.37122800946235657,0.2134149968624115,0.3069570064544678,0.3069570064544678,40951
2022-10-04,0.30695798993110657,0.3693059980869293,0.22684000432491302,0.27467501163482666,0.27467501163482666,43757
2022-10-05,0.2746730148792267,0.3624809980392456,0.21558600664138794,0.3232539892196655,0.3232539892196655,50129
2022-10-06,0.3232569992542267,0.3611539900302887,0.2160319983959198,0.2930769920349121,0.2930769920349121,43897
2022-10-07,0.29307299852371216,0.34168800711631775,0.22325499355793,0.2704159915447235,0.2704159915447235,45065
2022-10-08,0.2704159915447235,0.3325180113315582,0.2375440001487732,0.3010149896144867,0.3010149896144867,66317
2022-10-09,0.3010129928588867,0.40831199288368225,0.23964299261569977,0.33984699845314026,0.33984699845314026,153180
2022-10-10,0.33984699845314026,0.5122720003128052,0.3384599983692169,0.41721001267433167,0.41721001267433167,391256
2022-10-11,0.4172089993953705,0.4670889973640442,0.32650598883628845,0.3478190004825592,0.3478190004825592,196297
2022-10-12,0.3478209972381592,0.3694530129432678,0.29311901330947876,0.33692800998687744,0.33692800998687744,96604
2022-10-13,0.3369300067424774,0.3756699860095978,0.2776539921760559,0.3718140125274658,0.3718140125274658,62242
2022-10-14,0.36347201466560364,0.427947998046875,0.29297199845314026,0.34523001313209534,0.34523001313209534,183616
2022-10-15,0.3453490138053894,0.3592959940433502,0.3054490089416504,0.3510090112686157,0.3510090112686157,83032
2022-10-16,0.35100799798965454,0.39096400141716003,0.31049299240112305,0.3454020023345947,0.3454020023345947,162269
2022-10-17,0.3454020023345947,0.39686399698257446,0.2992599904537201,0.30116501450538635,0.30116501450538635,79326
2022-10-18,0.3014099895954132,0.36290600895881653,0.2890219986438751,0.3187580108642578,0.3187580108642578,62567
2022-10-19,0.31876298785209656,0.3609499931335449,0.2741619944572449,0.31058400869369507,0.31058400869369507,66011
2022-10-20,0.31058600544929504,0.3223229944705963,0.2802950143814087,0.29035401344299316,0.29035401344299316,55161
2022-10-21,0.29035601019859314,0.3209129869937897,0.2698110044002533,0.2949329912662506,0.2949329912662506,68162
2022-10-22,0.2949469983577728,0.30926498770713806,0.26746800541877747,0.285614013671875,0.285614013671875,49372
2022-10-23,0.28560999035835266,0.3805989921092987,0.2690739929676056,0.322053998708725,0.322053998708725,71723
2022-10-24,0.3220590054988861,0.3420740067958832,0.2823379933834076,0.28592899441719055,0.28592899441719055,12450
2022-10-25,0.28592899441719055,0.2947089970111847,0.2819240093231201,0.2848550081253052,0.2848550081253052,13339
2022-10-26,0.2848550081253052,0.2923940122127533,0.27452099323272705,0.2876940071582794,0.2876940071582794,13312
2022-10-27,0.28742700815200806,0.3348900079727173,0.2794399857521057,0.3328019976615906,0.3328019976615906,10218
2022-10-28,0.33453699946403503,0.3365660011768341,0.26733100414276123,0.2680329978466034,0.2680329978466034,8600
2022-10-29,0.2680340111255646,0.2744080126285553,0.2652589976787567,0.2690730094909668,0.2690730094909668,13631
2022-10-30,0.2690730094909668,0.26990899443626404,0.25711700320243835,0.25778499245643616,0.25778499245643616,14083
2022-10-31,0.25778499245643616,0.2695249915122986,0.25645700097084045,0.2567879855632782,0.2567879855632782,9761
2022-11-01,0.25676101446151733,0.26406100392341614,0.25630098581314087,0.25756099820137024,0.25756099820137024,10445
2022-11-02,0.25755399465560913,0.2753320038318634,0.25248000025749207,0.2540389895439148,0.2540389895439148,21772
2022-11-03,0.2540459930896759,0.2643499970436096,0.25251200795173645,0.2551420032978058,0.2551420032978058,12251
2022-11-04,0.2547900080680847,0.2552349865436554,0.2225400060415268,0.25321999192237854,0.25321999192237854,19879
2022-11-05,0.25317999720573425,0.25321999192237854,0.23832499980926514,0.2443230003118515,0.2443230003118515,4651
2022-11-06,0.2443230003118515,0.3983449935913086,0.2430420070886612,0.24348999559879303,0.24348999559879303,159386
2022-11-07,0.24348999559879303,0.29963600635528564,0.2310660034418106,0.24311800301074982,0.24311800301074982,43373
2022-11-08,0.24311800301074982,0.35019201040267944,0.23946000635623932,0.2809680104255676,0.2809680104255676,216696
2022-11-09,0.2809689939022064,0.28126201033592224,0.2568979859352112,0.2568979859352112,0.2568979859352112,23344
2022-11-10,0.25666698813438416,0.2666099965572357,0.20381200313568115,0.23089699447155,0.23089699447155,9348
2022-11-11,0.23089699447155,0.24399499595165253,0.21313099563121796,0.22450800240039825,0.22450800240039825,7682
2022-11-12,0.22450800240039825,0.22541199624538422,0.20667000114917755,0.2153940051794052,0.2153940051794052,2843
2022-11-13,0.2153940051794052,0.23249399662017822,0.2131969928741455,0.2245360016822815,0.2245360016822815,3343
2022-11-14,0.2245350033044815,0.2259490042924881,0.1930380016565323,0.20603199303150177,0.20603199303150177,4896
2022-11-15,0.20603199303150177,0.2203119993209839,0.19936899840831757,0.20351600646972656,0.20351600646972656,8037
2022-11-16,0.20351600646972656,0.21312899887561798,0.2008029967546463,0.2008029967546463,0.2008029967546463,3756
2022-11-17,0.2008650004863739,0.2106889933347702,0.19143399596214294,0.19588500261306763,0.19588500261306763,4856
2022-11-18,0.19588400423526764,0.24358400702476501,0.1934400051832199,0.19988299906253815,0.19988299906253815,1854
2022-11-19,0.19988200068473816,0.20151600241661072,0.19397200644016266,0.20151600241661072,0.20151600241661072,2641
2022-11-20,0.20151600241661072,0.20260299742221832,0.19339700043201447,0.19378100335597992,0.19378100335597992,3891
2022-11-21,0.19378100335597992,0.20005400478839874,0.19107000529766083,0.19727399945259094,0.19727399945259094,3575
2022-11-22,0.19727399945259094,0.242466002702713,0.13145500421524048,0.23819400370121002,0.23819400370121002,2117
2022-11-23,0.23819500207901,0.2576020061969757,0.19322100281715393,0.2397720068693161,0.2397720068693161,13489
2022-11-24,0.2397730052471161,0.24167299270629883,0.1930290013551712,0.1932850033044815,0.1932850033044815,4520
2022-11-25,0.1932850033044815,0.19494499266147614,0.1927179992198944,0.19336800277233124,0.19336800277233124,1684
2022-11-26,0.19336800277233124,0.20326900482177734,0.1928820013999939,0.19390200078487396,0.19390200078487396,6532
2022-11-27,0.19651399552822113,0.19651399552822113,0.19275499880313873,0.19358299672603607,0.19358299672603607,2151
2022-11-28,0.19358299672603607,0.19358299672603607,0.1907230019569397,0.19089099764823914,0.19089099764823914,1913
2022-11-29,0.19089099764823914,0.20031000673770905,0.1907539963722229,0.19298399984836578,0.19298399984836578,3454
2022-11-30,0.19298399984836578,0.19719499349594116,0.19117599725723267,0.19502000510692596,0.19502000510692596,1298
2022-12-01,0.19502000510692596,0.23703700304031372,0.13267700374126434,0.23687200248241425,0.23687200248241425,2900
2022-12-02,0.23687900602817535,0.23716500401496887,0.19463400542736053,0.19590100646018982,0.19590100646018982,2832
2022-12-03,0.19590100646018982,0.21370799839496613,0.1954289972782135,0.20010800659656525,0.20010800659656525,30734
2022-12-04,0.20010800659656525,0.20549799501895905,0.19445200264453888,0.20289599895477295,0.20289599895477295,4271
2022-12-05,0.20289599895477295,0.20289599895477295,0.19491100311279297,0.1955229938030243,0.1955229938030243,3836
2022-12-06,0.1955229938030243,0.19773699343204498,0.188727006316185,0.18908800184726715,0.18908800184726715,7022
2022-12-07,0.18908800184726715,0.19447900354862213,0.18541699647903442,0.18606899678707123,0.18606899678707123,3207
2022-12-08,0.18606899678707123,0.19203999638557434,0.18576300144195557,0.19164599478244781,0.19164599478244781,2980
2022-12-09,0.19164599478244781,0.1916539967060089,0.18710100650787354,0.1900230050086975,0.1900230050086975,2353
2022-12-10,0.1900230050086975,0.22638599574565887,0.1883549988269806,0.2248380035161972,0.2248380035161972,5778
2022-12-11,0.22483700513839722,0.23500199615955353,0.18630999326705933,0.19214299321174622,0.19214299321174622,11978
2022-12-12,0.19214299321174622,0.19980700314044952,0.18605700135231018,0.18879100680351257,0.18879100680351257,3290
2022-12-13,0.18879100680351257,0.2023490071296692,0.1851239949464798,0.2018350064754486,0.2018350064754486,5121
2022-12-14,0.2018350064754486,0.20194099843502045,0.18799400329589844,0.19170500338077545,0.19170500338077545,1852
2022-12-15,0.19170500338077545,0.19366100430488586,0.19113099575042725,0.1920109987258911,0.1920109987258911,706
2022-12-16,0.19198299944400787,0.19249899685382843,0.18732300400733948,0.1873590052127838,0.1873590052127838,4012
2022-12-17,0.1873590052127838,0.1910489946603775,0.16034899652004242,0.18519499897956848,0.18519499897956848,3721
2022-12-18,0.18519499897956848,0.19211100041866302,0.17610199749469757,0.1908310055732727,0.1908310055732727,2450
2022-12-19,0.1908310055732727,0.19130399823188782,0.16053099930286407,0.17544600367546082,0.17544600367546082,6421
2022-12-20,0.17544600367546082,0.1840520054101944,0.17022599279880524,0.18216200172901154,0.18216200172901154,1010
2022-12-21,0.18216200172901154,0.28233298659324646,0.17569899559020996,0.24072399735450745,0.24072399735450745,174560
2022-12-22,0.2407660037279129,0.25331801176071167,0.18167999386787415,0.18174399435520172,0.18174399435520172,43674
2022-12-23,0.18174399435520172,0.2266169935464859,0.14920400083065033,0.1511469930410385,0.1511469930410385,8480
2022-12-24,0.1511469930410385,0.1904670000076294,0.1485619992017746,0.1859779953956604,0.1859779953956604,9820
2022-12-25,0.17892399430274963,0.18591399490833282,0.17262999713420868,0.1784050017595291,0.1784050017595291,13516
2022-12-26,0.1784050017595291,0.1784050017595291,0.17309699952602386,0.17539900541305542,0.17539900541305542,5095
2022-12-27,0.17539900541305542,0.17661899328231812,0.1662140041589737,0.16628000140190125,0.16628000140190125,3482
2022-12-28,0.16634400188922882,0.17593100666999817,0.16634200513362885,0.16857999563217163,0.16857999563217163,3377
2022-12-29,0.16857999563217163,0.21935099363327026,0.16608400642871857,0.21935099363327026,0.21935099363327026,4988
2022-12-30,0.21935200691223145,0.22968299686908722,0.17076799273490906,0.17078599333763123,0.17078599333763123,7642
2022-12-31,0.17078599333763123,0.1815979927778244,0.168723002076149,0.1793610006570816,0.1793610006570816,2284
2023-01-01,0.1793610006570816,0.18058399856090546,0.17080199718475342,0.1791680008172989,0.1791680008172989,5299
2023-01-02,0.1791040003299713,0.1791040003299713,0.1688919961452484,0.173335999250412,0.173335999250412,1142
2023-01-03,0.1735289990901947,0.17797499895095825,0.173335999250412,0.17686499655246735,0.17686499655246735,827
2023-01-04,0.17686499655246735,0.17925800383090973,0.17228299379348755,0.17925800383090973,0.17925800383090973,2569
2023-01-05,0.17925800383090973,0.20669099688529968,0.16833500564098358,0.1820790022611618,0.1820790022611618,20877
2023-01-06,0.1820790022611618,0.1820790022611618,0.16941800713539124,0.1782359927892685,0.1782359927892685,1863
2023-01-07,0.1782359927892685,0.20182999968528748,0.1769700050354004,0.1795949935913086,0.1795949935913086,18122
2023-01-08,0.1795949935913086,0.18241499364376068,0.17940300703048706,0.18023599684238434,0.18023599684238434,1801
2023-01-09,0.18023599684238434,0.1894190013408661,0.1732739955186844,0.18232500553131104,0.18232500553131104,4316
2023-01-10,0.18232500553131104,0.18656699359416962,0.17775499820709229,0.180868998169899,0.180868998169899,1929
2023-01-11,0.180868998169899,0.18489700555801392,0.1789180040359497,0.18016299605369568,0.18016299605369568,914
2023-01-12,0.18079200387001038,0.19445599615573883,0.18037499487400055,0.1931069940328598,0.1931069940328598,3333
2023-01-13,0.1931069940328598,0.20219500362873077,0.18239399790763855,0.19775299727916718,0.19775299727916718,11505
2023-01-14,0.19776000082492828,0.20840400457382202,0.18862000107765198,0.20833800733089447,0.20833800733089447,10307
2023-01-15,0.20833800733089447,0.2090660035610199,0.1853809952735901,0.1982160061597824,0.1982160061597824,5799
2023-01-16,0.1982160061597824,0.20674799382686615,0.19497300684452057,0.20144499838352203,0.20144499838352203,4781
2023-01-17,0.20144499838352203,0.25044798851013184,0.19436800479888916,0.20930999517440796,0.20930999517440796,49068
2023-01-18,0.20930999517440796,0.20930999517440796,0.19441500306129456,0.20127899944782257,0.20127899944782257,10574
2023-01-19,0.20124399662017822,0.20190900564193726,0.1950400024652481,0.19806000590324402,0.19806000590324402,2354
2023-01-20,0.20056700706481934,0.20947900414466858,0.1961430013179779,0.20854899287223816,0.20854899287223816,3833
2023-01-21,0.20854899287223816,0.20854899287223816,0.20086200535297394,0.2056650072336197,0.2056650072336197,5506
2023-01-22,0.2056650072336197,0.23175500333309174,0.19989000260829926,0.20380699634552002,0.20380699634552002,24110
2023-01-23,0.20380699634552002,0.20889200270175934,0.20380699634552002,0.20669999718666077,0.20669999718666077,6068
2023-01-24,0.20669999718666077,0.22104999423027039,0.20610100030899048,0.2089969962835312,0.2089969962835312,10860
2023-01-25,0.2089969962835312,0.21114400029182434,0.20683600008487701,0.20850799977779388,0.20850799977779388,8908
2023-01-26,0.20850799977779388,0.2631070017814636,0.17477299273014069,0.24963699281215668,0.24963699281215668,66628
2023-01-27,0.24963800609111786,0.25826698541641235,0.21136300265789032,0.21205300092697144,0.21205300092697144,14430
2023-01-28,0.21205300092697144,0.25140300393104553,0.21205300092697144,0.24959400296211243,0.24959400296211243,8925
2023-01-29,0.24959500133991241,0.3056879937648773,0.21499000489711761,0.24110400676727295,0.24110400676727295,136416
2023-01-30,0.24110400676727295,0.2557060122489929,0.22040000557899475,0.220893993973732,0.220893993973732,54801
2023-01-31,0.220893993973732,0.2254450023174286,0.2129340022802353,0.21954800188541412,0.21954800188541412,13514
2023-02-01,0.21954800188541412,0.22572200000286102,0.21548500657081604,0.21762299537658691,0.21762299537658691,5089
2023-02-02,0.21762299537658691,0.2730030119419098,0.21762299537658691,0.22414399683475494,0.22414399683475494,127972
2023-02-03,0.22414399683475494,0.23483100533485413,0.22225800156593323,0.222788006067276,0.222788006067276,10329
2023-02-04,0.222788006067276,0.23186300694942474,0.22225800156593323,0.2296770066022873,0.2296770066022873,9639
2023-02-05,0.2296770066022873,0.2296770066022873,0.21861399710178375,0.21914400160312653,0.21914400160312653,8063
2023-02-06,0.21914400160312653,0.2267809957265854,0.21914400160312653,0.22241699695587158,0.22241699695587158,2714
2023-02-07,0.22241699695587158,0.22487300634384155,0.21778400242328644,0.22431600093841553,0.22431600093841553,4883
2023-02-08,0.22431600093841553,0.2771280109882355,0.2216770052909851,0.2553130090236664,0.2553130090236664,106638
2023-02-09,0.2553130090236664,0.2553510069847107,0.21462899446487427,0.21482700109481812,0.21482700109481812,10568
2023-02-10,0.21482700109481812,0.21925100684165955,0.20466099679470062,0.2067759931087494,0.2067759931087494,3603
2023-02-11,0.2067759931087494,0.2139820009469986,0.20562000572681427,0.21010400354862213,0.21010400354862213,1270
2023-02-12,0.21010400354862213,0.22195500135421753,0.20496800541877747,0.20977400243282318,0.20977400243282318,3703
2023-02-13,0.20977400243282318,0.21589800715446472,0.20473100244998932,0.20478099584579468,0.20478099584579468,5299
2023-02-14,0.20482699573040009,0.20943200588226318,0.20478099584579468,0.20932500064373016,0.20932500064373016,1221
2023-02-15,0.20934399962425232,0.212444007396698,0.20656700432300568,0.20993000268936157,0.20993000268936157,5698
2023-02-16,0.20993000268936157,0.21584700047969818,0.20993000268936157,0.21341000497341156,0.21341000497341156,4335
2023-02-17,0.21341300010681152,0.225148007273674,0.21339499950408936,0.21648499369621277,0.21648499369621277,42363
2023-02-18,0.21648499369621277,0.23738400638103485,0.2139749974012375,0.21562400460243225,0.21562400460243225,39069
2023-02-19,0.21562400460243225,0.21753600239753723,0.2150299996137619,0.21549199521541595,0.21549199521541595,5630
2023-02-20,0.21549199521541595,0.21727199852466583,0.2129250019788742,0.21378199756145477,0.21378199756145477,4270
2023-02-21,0.21378199756145477,0.21734200417995453,0.21292099356651306,0.21575400233268738,0.21575400233268738,1786
2023-02-22,0.21575400233268738,0.21575400233268738,0.21038900315761566,0.21242399513721466,0.21242399513721466,1844
2023-02-23,0.21242399513721466,0.21262399852275848,0.20714299380779266,0.20720699429512024,0.20720699429512024,3958
2023-02-24,0.20719699561595917,0.22256700694561005,0.20667299628257751,0.21571800112724304,0.21571800112724304,2341
2023-02-25,0.2157129943370819,0.21571899950504303,0.20732800662517548,0.20884199440479279,0.20884199440479279,442
2023-02-26,0.20884199440479279,0.3012090027332306,0.20635199546813965,0.2291489988565445,0.2291489988565445,210850
2023-02-27,0.23445600271224976,0.285290002822876,0.21615399420261383,0.22404299676418304,0.22404299676418304,67445
2023-02-28,0.22404299676418304,0.2255920022726059,0.2033900022506714,0.21372200548648834,0.21372200548648834,21990
2023-03-01,0.21373499929904938,0.21373499929904938,0.20400799810886383,0.20500999689102173,0.20500999689102173,5787
2023-03-02,0.20500999689102173,0.21010899543762207,0.19903099536895752,0.20550499856472015,0.20550499856472015,5863
2023-03-03,0.20548999309539795,0.22533799707889557,0.19611400365829468,0.20022399723529816,0.20022399723529816,23171
2023-03-04,0.20022399723529816,0.216512992978096,0.1975419968366623,0.19944000244140625,0.19944000244140625,7544
2023-03-05,0.19944000244140625,0.20349900424480438,0.19642899930477142,0.2002909928560257,0.2002909928560257,3624
2023-03-06,0.2002909928560257,0.2002909928560257,0.19682000577449799,0.19812799990177155,0.19812799990177155,1207
2023-03-07,0.19812799990177155,0.19916599988937378,0.19467100501060486,0.1962279975414276,0.1962279975414276,2528
2023-03-08,0.1962279975414276,0.20127299427986145,0.1843940019607544,0.1999800056219101,0.1999800056219101,4949
2023-03-09,0.1999800056219101,0.1999800056219101,0.1903659999370575,0.19462600350379944,0.19462600350379944,2054
2023-03-10,0.19462600350379944,0.1946299970149994,0.1803330034017563,0.18567299842834473,0.18567299842834473,1835
2023-03-11,0.18567299842834473,0.1936970055103302,0.1814420074224472,0.19332300126552582,0.19332300126552582,3397
2023-03-12,0.19332300126552582,0.22683300077915192,0.18571099638938904,0.22635099291801453,0.22635099291801453,472
2023-03-13,0.22630499303340912,0.23304599523544312,0.19502900540828705,0.19653600454330444,0.19653600454330444,3844
2023-03-14,0.19648799300193787,0.2036069929599762,0.1639609932899475,0.16410699486732483,0.16410699486732483,4618
2023-03-15,0.16410000622272491,0.19644899666309357,0.16333100199699402,0.1957699954509735,0.1957699954509735,1609
2023-03-16,0.19607999920845032,0.19607999920845032,0.19099199771881104,0.1944350004196167,0.1944350004196167,878
2023-03-17,0.1944350004196167,0.20093800127506256,0.1944350004196167,0.1979829967021942,0.1979829967021942,2582
2023-03-18,0.1979829967021942,0.20552800595760345,0.19596700370311737,0.19669599831104279,0.19669599831104279,3545
2023-03-19,0.19669599831104279,0.20404599606990814,0.19578500092029572,0.20127500593662262,0.20127500593662262,2505
2023-03-20,0.20127500593662262,0.20134000480175018,0.1959110051393509,0.19608700275421143,0.19608700275421143,3617
2023-03-21,0.19608700275421143,0.19924800097942352,0.19608700275421143,0.19704599678516388,0.19704599678516388,2707
2023-03-22,0.19704599678516388,0.2084829956293106,0.19704599678516388,0.1980230063199997,0.1980230063199997,5848
2023-03-23,0.19799500703811646,0.2025589942932129,0.19754000008106232,0.20020200312137604,0.20020200312137604,1586
2023-03-24,0.20020200312137604,0.2010750025510788,0.1981630027294159,0.19926099479198456,0.19926099479198456,1615
2023-03-25,0.19926099479198456,0.2015099972486496,0.19834400713443756,0.199194997549057,0.199194997549057,1264
2023-03-26,0.199194997549057,0.20341500639915466,0.198403999209404,0.20038500428199768,0.20038500428199768,2701
2023-03-27,0.20038500428199768,0.20108799636363983,0.19501599669456482,0.19606399536132812,0.19606399536132812,2809
2023-03-28,0.19606399536132812,0.19928400218486786,0.19571499526500702,0.1976040005683899,0.1976040005683899,2562
2023-03-29,0.1976040005683899,0.22637799382209778,0.14269399642944336,0.14295199513435364,0.14295199513435364,3227
2023-03-30,0.14295199513435364,0.200545996427536,0.14186599850654602,0.19781999289989471,0.19781999289989471,1847
2023-03-31,0.19781999289989471,0.20091299712657928,0.19668899476528168,0.19761300086975098,0.19761300086975098,2035
2023-04-01,0.19761300086975098,0.20041899383068085,0.19721199572086334,0.19948400557041168,0.19948400557041168,930
2023-04-02,0.19921599328517914,0.20028500258922577,0.19794699549674988,0.19836699962615967,0.19836699962615967,1097
2023-04-03,0.19836699962615967,0.20115600526332855,0.1937749981880188,0.20115600526332855,0.20115600526332855,2007
2023-04-04,0.20115600526332855,0.2011840045452118,0.19780400395393372,0.20029999315738678,0.20029999315738678,906
2023-04-05,0.20029999315738678,0.2064030021429062,0.20023299753665924,0.20107099413871765,0.20107099413871765,1361
2023-04-06,0.20107099413871765,0.20327700674533844,0.1954369992017746,0.2001820057630539,0.2001820057630539,1007
2023-04-07,0.2001820057630539,0.20132100582122803,0.19336099922657013,0.19991999864578247,0.19991999864578247,1813
2023-04-08,0.19991999864578247,0.19991999864578247,0.1941639930009842,0.19423100352287292,0.19423100352287292,686
2023-04-09,0.19423100352287292,0.19844800233840942,0.19423100352287292,0.19749699532985687,0.19749699532985687,1488
2023-04-10,0.19749699532985687,0.19835899770259857,0.15612399578094482,0.15614399313926697,0.15614399313926697,567
2023-04-11,0.1561480015516281,0.23330000042915344,0.156141996383667,0.22596299648284912,0.22596299648284912,4929
2023-04-12,0.22597800195217133,0.22597800195217133,0.19514599442481995,0.2007340043783188,0.2007340043783188,1517
2023-04-13,0.2040410041809082,0.20417599380016327,0.20019899308681488,0.20316599309444427,0.20316599309444427,602
2023-04-14,0.20316599309444427,0.2120639979839325,0.20316100120544434,0.20971199870109558,0.20971199870109558,6139
2023-04-15,0.20971199870109558,0.21126799285411835,0.20301499962806702,0.20396199822425842,0.20396199822425842,1799
2023-04-16,0.20396199822425842,0.20802100002765656,0.20396199822425842,0.206713005900383,0.206713005900383,1314
2023-04-17,0.206713005900383,0.206713005900383,0.2007090002298355,0.20289599895477295,0.20289599895477295,1472
2023-04-18,0.20289599895477295,0.21007099747657776,0.20200200378894806,0.20236900448799133,0.20236900448799133,1711
2023-04-19,0.20236900448799133,0.20521700382232666,0.20090900361537933,0.20090900361537933,0.20090900361537933,1047
2023-04-20,0.20090900361537933,0.20268799364566803,0.19737300276756287,0.19764000177383423,0.19764000177383423,1996
2023-04-21,0.19764000177383423,0.19889800250530243,0.19379599392414093,0.19779500365257263,0.19779500365257263,1215
2023-04-22,0.19779500365257263,0.19779500365257263,0.19275599718093872,0.19329099357128143,0.19329099357128143,427
2023-04-23,0.19329099357128143,0.19744199514389038,0.19282299280166626,0.19650499522686005,0.19650499522686005,577
2023-04-24,0.19650499522686005,0.19650499522686005,0.19263499975204468,0.1949329972267151,0.1949329972267151,247
2023-04-25,0.1949329972267151,0.20252999663352966,0.19441600143909454,0.1952430009841919,0.1952430009841919,1950
2023-04-26,0.1952430009841919,0.20134200155735016,0.19311900436878204,0.19561399519443512,0.19561399519443512,666
2023-04-27,0.19561399519443512,0.2000730037689209,0.1949310004711151,0.1968739926815033,0.1968739926815033,516
2023-04-28,0.1968739926815033,0.2024019956588745,0.1955370008945465,0.1977750062942505,0.1977750062942505,1023
2023-04-29,0.1977750062942505,0.20145100355148315,0.1951809972524643,0.19777099788188934,0.19777099788188934,800
2023-04-30,0.19777099788188934,0.20145100355148315,0.19354599714279175,0.19355499744415283,0.19355499744415283,1136
2023-05-01,0.19355499744415283,0.20064300298690796,0.19355499744415283,0.19923900067806244,0.19923900067806244,1101
2023-05-02,0.19926699995994568,0.2041739970445633,0.18339499831199646,0.19732800126075745,0.19732800126075745,6307
2023-05-03,0.19732800126075745,0.20020799338817596,0.1933950036764145,0.19529399275779724,0.19529399275779724,698
2023-05-04,0.19529399275779724,0.2005620002746582,0.19529399275779724,0.19715000689029694,0.19715000689029694,444
2023-05-05,0.19715000689029694,0.2022639960050583,0.19715000689029694,0.20102499425411224,0.20102499425411224,628
2023-05-06,0.20102499425411224,0.20102499425411224,0.19216600060462952,0.19898100197315216,0.19898100197315216,1903
2023-05-07,0.19898100197315216,0.19898100197315216,0.18433000147342682,0.19679999351501465,0.19679999351501465,746
2023-05-08,0.19679999351501465,0.19679999351501465,0.1854570060968399,0.18738099932670593,0.18738099932670593,834
2023-05-09,0.18738099932670593,0.1928279995918274,0.1851080060005188,0.18719999492168427,0.18719999492168427,915
2023-05-10,0.18720999360084534,0.19115999341011047,0.18523100018501282,0.18662400543689728,0.18662400543689728,445
2023-05-11,0.18662099540233612,0.1917939931154251,0.18489499390125275,0.18962199985980988,0.18962199985980988,1437
2023-05-12,0.18961800634860992,0.18962199985980988,0.1840440034866333,0.1841769963502884,0.1841769963502884,197
2023-05-13,0.1841769963502884,0.18734300136566162,0.18323299288749695,0.1833679974079132,0.1833679974079132,330
2023-05-14,0.1833679974079132,0.18862299621105194,0.1833679974079132,0.1885560005903244,0.1885560005903244,318
2023-05-16,0.15026962757110596,0.15113723278045654,0.14894206821918488,0.14945761859416962,0.14945761859416962,728
